0 -96.000000 0.000000 -320.000000  # front house
1 -320.000000 0.000000 -208.000000  # tree 0
2 -320.000000 0.000000 208.000000  # tree 1
3 -213.999115 0.000000 -200.751587  # tree 2
4 -192.000000 0.000000 208.000000  # tree 3
5 24.049103 0.000000 -77.004478  # tree 4
6 64.000000 0.000000 -208.000000  # tree 5
7 192.000000 0.000000 -208.000000  # tree 6
8 320.000000 0.000000 -208.000000  # tree 7
9 4.872621 0.000000 229.161453  # tree 8
10 88.217110 0.000000 88.732193  # tree 9
11 192.000000 0.000000 208.000000  # tree 10
12 320.000000 0.000000 208.000000  # tree 11
13 -256.000000 0.000000 -16.000000  # tree 12
14 -211.075043 0.000000 100.108994  # tree 13
15 256.000000 0.000000 48.000000  # tree 14
